3 0.298828125 0.4208984375 0.1513671875 0.126953125
1 0.150390625 0.8369140625 0.2998046875 0.326171875
2 0.388671875 0.7421875 0.080078125 0.126953125
2 0.7265625 0.767578125 0.0546875 0.1103515625
2 0.822265625 0.69921875 0.029296875 0.0986328125
2 0.8759765625 0.6357421875 0.033203125 0.1005859375
3 0.587890625 0.7177734375 0.2021484375 0.2900390625
3 0.7978515625 0.4755859375 0.1123046875 0.18359375
1 0.666015625 0.5478515625 0.1015625 0.1484375
1 0.5400390625 0.4267578125 0.06640625 0.1318359375
2 0.69140625 0.4482421875 0.02734375 0.0419921875
1 0.638671875 0.357421875 0.060546875 0.080078125
1 0.544921875 0.330078125 0.0556640625 0.0791015625