1 0.3994140625 0.5166015625 0.2568359375 0.1826171875
1 0.1044921875 0.4072265625 0.15625 0.1201171875
1 0.8662109375 0.419921875 0.1494140625 0.09375
0 0.814453125 0.3369140625 0.36328125 0.1611328125
2 0.4189453125 0.740234375 0.140625 0.1767578125
2 0.796875 0.4970703125 0.09375 0.080078125
2 0.0576171875 0.685546875 0.0791015625 0.1708984375
2 0.7666015625 0.6875 0.140625 0.169921875
2 0.029296875 0.470703125 0.052734375 0.1171875
2 0.2763671875 0.4140625 0.0625 0.107421875
2 0.541015625 0.478515625 0.087890625 0.1328125
2 0.458984375 0.388671875 0.07421875 0.083984375
2 0.568359375 0.369140625 0.064453125 0.091796875
2 0.19140625 0.3642578125 0.060546875 0.0751953125