3 0.5107421875 0.6748046875 0.2177734375 0.3076171875
2 0.916015625 0.962890625 0.060546875 0.0703125
2 0.8017578125 0.9267578125 0.0498046875 0.078125
1 0.724609375 0.947265625 0.20703125 0.10546875
2 0.4541015625 0.96484375 0.046875 0.0634765625
2 0.4404296875 0.8837890625 0.04296875 0.0556640625
2 0.2412109375 0.900390625 0.03515625 0.0908203125
2 0.216796875 0.8017578125 0.0341796875 0.0771484375
1 0.2734375 0.61328125 0.0849609375 0.08203125
1 0.0419921875 0.623046875 0.0830078125 0.0869140625
1 0.146484375 0.5458984375 0.0673828125 0.0673828125
1 0.2802734375 0.5048828125 0.04296875 0.052734375
2 0.21484375 0.685546875 0.02734375 0.04296875
2 0.1796875 0.6279296875 0.037109375 0.0498046875
3 0.330078125 0.521484375 0.0556640625 0.158203125
1 0.3876953125 0.478515625 0.0478515625 0.056640625
0 0.42578125 0.4345703125 0.044921875 0.091796875
1 0.154296875 0.4951171875 0.0634765625 0.048828125
1 0.203125 0.4716796875 0.0458984375 0.0390625
2 0.2099609375 0.513671875 0.017578125 0.0361328125