1 0.48828125 0.6015625 0.197265625 0.267578125
1 0.61328125 0.8896484375 0.12890625 0.162109375
1 0.560546875 0.1298828125 0.1015625 0.15234375
0 0.6455078125 0.181640625 0.181640625 0.36328125
2 0.2646484375 0.59375 0.18359375 0.150390625
2 0.4873046875 0.203125 0.083984375 0.09765625
2 0.337890625 0.951171875 0.17578125 0.087890625
2 0.298828125 0.2431640625 0.177734375 0.1484375
2 0.5537109375 0.96875 0.119140625 0.05859375
2 0.59765625 0.71875 0.111328125 0.068359375
2 0.51953125 0.4580078125 0.13671875 0.09375
2 0.61328125 0.53515625 0.087890625 0.078125
2 0.626953125 0.4248046875 0.095703125 0.068359375
2 0.6513671875 0.80078125 0.078125 0.064453125