3 0.35546875 0.9189453125 0.23046875 0.162109375
3 0.5947265625 0.40234375 0.064453125 0.119140625
1 0.6689453125 0.884765625 0.162109375 0.18359375
1 0.6923828125 0.7353515625 0.12109375 0.142578125
1 0.57421875 0.685546875 0.09765625 0.119140625
1 0.5927734375 0.55078125 0.06640625 0.072265625
1 0.810546875 0.474609375 0.076171875 0.07421875
1 0.716796875 0.48828125 0.060546875 0.0703125
1 0.677734375 0.4482421875 0.056640625 0.0546875
1 0.5576171875 0.4736328125 0.068359375 0.06640625
0 0.9208984375 0.548828125 0.158203125 0.26171875
2 0.466796875 0.6875 0.046875 0.052734375
2 0.982421875 0.72265625 0.03515625 0.0859375
2 0.7216796875 0.623046875 0.052734375 0.06640625
2 0.6044921875 0.59375 0.03125 0.046875
2 0.7119140625 0.53125 0.03515625 0.041015625
2 0.5078125 0.5380859375 0.029296875 0.046875