1 0.794921875 0.421875 0.115234375 0.1005859375
3 0.7705078125 0.33203125 0.123046875 0.0849609375
1 0.2783203125 0.361328125 0.0625 0.0791015625
1 0.1904296875 0.5107421875 0.0947265625 0.1279296875
2 0.349609375 0.50390625 0.0341796875 0.0615234375
2 0.30859375 0.4814453125 0.0380859375 0.0654296875
2 0.298828125 0.70703125 0.05078125 0.1064453125
2 0.0927734375 0.7255859375 0.0498046875 0.1142578125
2 0.091796875 0.603515625 0.0380859375 0.0498046875
2 0.0966796875 0.443359375 0.0224609375 0.0400390625
2 0.0107421875 0.525390625 0.017578125 0.029296875