0 0.3525390625 0.6337890625 0.240234375 0.390625
3 0.384765625 0.9296875 0.20703125 0.115234375
1 0.6337890625 0.21484375 0.341796875 0.19140625
2 0.6162109375 0.8193359375 0.111328125 0.173828125
2 0.58984375 0.962890625 0.111328125 0.072265625
2 0.376953125 0.33984375 0.08984375 0.025390625
2 0.41796875 0.298828125 0.083984375 0.033203125
2 0.328125 0.2734375 0.0625 0.029296875
2 0.3818359375 0.2734375 0.080078125 0.029296875
2 0.3154296875 0.3896484375 0.07421875 0.02734375
1 0.3818359375 0.1064453125 0.140625 0.1328125
3 0.3037109375 0.240234375 0.09375 0.07421875