3 0.474609375 0.5654296875 0.12109375 0.2275390625
1 0.078125 0.80078125 0.1416015625 0.193359375
1 0.43359375 0.8203125 0.0869140625 0.14453125
1 0.607421875 0.935546875 0.1572265625 0.12890625
1 0.177734375 0.5556640625 0.064453125 0.083984375
1 0.30859375 0.5595703125 0.06640625 0.0654296875
1 0.23046875 0.4501953125 0.0537109375 0.048828125
1 0.33203125 0.4111328125 0.0400390625 0.0498046875
3 0.39453125 0.697265625 0.080078125 0.1328125
1 0.1767578125 0.494140625 0.0625 0.060546875
1 0.263671875 0.3974609375 0.0380859375 0.0537109375
2 0.107421875 0.66015625 0.048828125 0.1044921875
2 0.2978515625 0.6826171875 0.0390625 0.0927734375
2 0.1064453125 0.5048828125 0.0302734375 0.064453125
2 0.142578125 0.4716796875 0.01953125 0.046875
2 0.2978515625 0.5068359375 0.0185546875 0.048828125
3 0.36328125 0.64453125 0.3671875 0.642578125 0.373046875 0.642578125 0.375 0.64453125 0.384765625 0.64453125 0.38671875 0.642578125 0.390625 0.64453125 0.4140625 0.64453125 0.427734375 0.650390625 0.427734375 0.669921875 0.431640625 0.681640625 0.431640625 0.703125 0.435546875 0.708984375 0.435546875 0.71484375 0.439453125 0.72265625 0.435546875 0.734375 0.435546875 0.748046875 0.396484375 0.74609375 0.390625 0.751953125 0.38671875 0.771484375 0.365234375 0.771484375 0.36328125 0.76953125 0.36328125 0.75 0.35546875 0.7421875 0.35546875 0.73046875 0.353515625 0.728515625 0.353515625 0.708984375 0.35546875 0.70703125 0.35546875 0.6953125 0.357421875 0.693359375 0.357421875 0.6796875 0.353515625 0.67578125 0.353515625 0.66796875 0.361328125 0.66015625 0.36328125 0.646484375
3 0.357421875 0.328125 0.36328125 0.3359375 0.373046875 0.337890625 0.373046875 0.341796875 0.380859375 0.34765625 0.380859375 0.384765625 0.37890625 0.38671875 0.37890625 0.392578125 0.376953125 0.396484375 0.37109375 0.396484375 0.36328125 0.40234375 0.345703125 0.400390625 0.34375 0.3984375 0.34375 0.38671875 0.341796875 0.384765625 0.341796875 0.34375 0.3515625 0.333984375 0.3515625 0.330078125 0.35546875 0.328125
3 0.435546875 0.46484375 0.4375 0.466796875 0.466796875 0.466796875 0.46875 0.46875 0.4921875 0.46875 0.498046875 0.470703125 0.5078125 0.478515625 0.513671875 0.486328125 0.513671875 0.490234375 0.51953125 0.494140625 0.5234375 0.501953125 0.525390625 0.513671875 0.5234375 0.515625 0.5234375 0.537109375 0.521484375 0.5390625 0.51953125 0.6328125 0.515625 0.640625 0.515625 0.66015625 0.513671875 0.662109375 0.513671875 0.681640625 0.51171875 0.68359375 0.50390625 0.681640625 0.5 0.673828125 0.4921875 0.669921875 0.447265625 0.669921875 0.44140625 0.67578125 0.43359375 0.677734375 0.4296875 0.66796875 0.4296875 0.6484375 0.416015625 0.63671875 0.416015625 0.6328125 0.41015625 0.623046875 0.41015625 0.611328125 0.408203125 0.609375 0.408203125 0.568359375 0.41015625 0.56640625 0.41015625 0.5546875 0.412109375 0.552734375 0.41015625 0.525390625 0.412109375 0.5234375 0.4140625 0.509765625 0.41796875 0.505859375 0.41796875 0.5 0.419921875 0.498046875 0.421875 0.46875 0.427734375 0.46484375 0.43359375 0.46484375
3 0.548828125 0.314453125 0.552734375 0.31640625 0.552734375 0.341796875 0.5546875 0.34375 0.552734375 0.361328125 0.55078125 0.365234375 0.546875 0.365234375 0.546875 0.361328125 0.54296875 0.357421875 0.5390625 0.365234375 0.533203125 0.3671875 0.5234375 0.365234375 0.51953125 0.359375 0.517578125 0.34375 0.515625 0.341796875 0.517578125 0.318359375 0.525390625 0.314453125 0.546875 0.314453125
3 0.318359375 0.3203125 0.322265625 0.322265625 0.32421875 0.3359375 0.326171875 0.337890625 0.326171875 0.373046875 0.32421875 0.37890625 0.318359375 0.384765625 0.3125 0.38671875 0.298828125 0.37890625 0.2890625 0.37890625 0.2890625 0.359375 0.287109375 0.357421875 0.2890625 0.35546875 0.287109375 0.353515625 0.28515625 0.326171875 0.294921875 0.3203125 0.31640625 0.3203125
3 0.353515625 0.306640625 0.35546875 0.3046875 0.369140625 0.3046875 0.373046875 0.306640625 0.373046875 0.337890625 0.359375 0.33203125 0.35546875 0.3203125 0.35546875 0.30859375
3 0.353515625 0.306640625 0.35546875 0.326171875 0.349609375 0.330078125 0.349609375 0.333984375 0.341796875 0.34375 0.33984375 0.373046875 0.33203125 0.380859375 0.328125 0.37890625 0.328125 0.365234375 0.326171875 0.36328125 0.328125 0.357421875 0.326171875 0.326171875 0.32421875 0.32421875 0.326171875 0.306640625 0.328125 0.3046875 0.349609375 0.3046875 0.3515625 0.306640625
3 0.421875 0.380859375 0.423828125 0.3828125 0.44921875 0.3828125 0.451171875 0.384765625 0.451171875 0.416015625 0.453125 0.41796875 0.451171875 0.458984375 0.447265625 0.462890625 0.42578125 0.462890625 0.41796875 0.46875 0.41796875 0.47265625 0.4140625 0.478515625 0.412109375 0.4765625 0.40625 0.4765625 0.400390625 0.482421875 0.39453125 0.482421875 0.388671875 0.48828125 0.3828125 0.484375 0.376953125 0.474609375 0.376953125 0.4453125 0.37890625 0.443359375 0.380859375 0.39453125 0.3828125 0.388671875 0.388671875 0.384765625 0.404296875 0.3828125 0.40625 0.380859375 0.419921875 0.380859375