1 0.603515625 0.212890625 0.111328125 0.123046875
3 0.6904296875 0.2451171875 0.095703125 0.130859375
1 0.619140625 0.7333984375 0.083984375 0.068359375
1 0.4619140625 0.8076171875 0.13671875 0.10546875
2 0.4833984375 0.6494140625 0.064453125 0.041015625
2 0.501953125 0.6923828125 0.0703125 0.044921875
2 0.2763671875 0.6826171875 0.109375 0.060546875
2 0.240234375 0.8857421875 0.1171875 0.060546875
2 0.361328125 0.8974609375 0.0546875 0.04296875
2 0.521484375 0.90625 0.041015625 0.02734375
2 0.431640625 0.9853515625 0.03125 0.01953125