1 0.3076171875 0.86328125 0.228515625 0.24609375
1 0.529296875 0.7138671875 0.12109375 0.1171875
1 0.4609375 0.8681640625 0.115234375 0.146484375
0 0.71484375 0.2314453125 0.09765625 0.06640625
1 0.6318359375 0.3310546875 0.1171875 0.080078125
1 0.474609375 0.9609375 0.09375 0.078125
2 0.501953125 0.43359375 0.06640625 0.0703125
2 0.4931640625 0.365234375 0.080078125 0.060546875
2 0.470703125 0.3232421875 0.08984375 0.080078125
1 0.5986328125 0.73828125 0.072265625 0.09375
2 0.6103515625 0.103515625 0.05859375 0.033203125