1 0.4072265625 0.5419921875 0.296875 0.244140625
1 0.09375 0.5126953125 0.181640625 0.158203125
1 0.8330078125 0.328125 0.16796875 0.12890625
0 0.76171875 0.2607421875 0.392578125 0.248046875
2 0.4833984375 0.7529296875 0.181640625 0.20703125
2 0.7861328125 0.419921875 0.111328125 0.1015625
2 0.12109375 0.7939453125 0.119140625 0.185546875
2 0.8056640625 0.6123046875 0.1796875 0.201171875
2 0.0390625 0.5927734375 0.078125 0.126953125
2 0.26171875 0.474609375 0.087890625 0.119140625
2 0.5341796875 0.46875 0.119140625 0.150390625
2 0.431640625 0.4033203125 0.09375 0.099609375
2 0.5322265625 0.35546875 0.0859375 0.10546875
2 0.1669921875 0.44921875 0.078125 0.087890625