3 0.4755859375 0.4267578125 0.15234375 0.09375
3 0.5185546875 0.564453125 0.16796875 0.1015625
3 0.453125 0.6552734375 0.123046875 0.078125
1 0.7666015625 0.7431640625 0.119140625 0.142578125
1 0.6796875 0.69921875 0.080078125 0.125
1 0.5927734375 0.708984375 0.083984375 0.080078125
1 0.9189453125 0.9287109375 0.1015625 0.048828125
2 0.8974609375 0.76171875 0.099609375 0.060546875
2 0.7392578125 0.5 0.083984375 0.052734375
2 0.6328125 0.634765625 0.0703125 0.041015625
2 0.6435546875 0.4951171875 0.0546875 0.041015625
2 0.6083984375 0.5693359375 0.04296875 0.037109375
2 0.5712890625 0.630859375 0.041015625 0.025390625