1 0.517578125 0.951171875 0.19140625 0.09765625
1 0.1142578125 0.900390625 0.091796875 0.154296875
0 0.5009765625 0.68359375 0.154296875 0.244140625
1 0.345703125 0.6630859375 0.099609375 0.103515625
1 0.16796875 0.7548828125 0.134765625 0.130859375
3 0.068359375 0.7421875 0.068359375 0.11328125
2 0.3095703125 0.86328125 0.072265625 0.095703125
2 0.267578125 0.7119140625 0.052734375 0.07421875
3 0.533203125 0.5537109375 0.080078125 0.1015625
1 0.4091796875 0.6025390625 0.064453125 0.076171875
1 0.45703125 0.54296875 0.068359375 0.07421875
1 0.365234375 0.57421875 0.0625 0.068359375
3 0.28515625 0.5673828125 0.068359375 0.078125
0 0.3388671875 0.490234375 0.08984375 0.107421875