2 0.2646484375 0.919921875 0.158203125 0.16015625
2 0.86328125 0.537109375 0.103515625 0.095703125
2 0.744140625 0.48046875 0.0703125 0.072265625
2 0.6640625 0.43359375 0.056640625 0.06640625
2 0.478515625 0.4619140625 0.05078125 0.056640625
2 0.548828125 0.39453125 0.044921875 0.044921875
2 0.4345703125 0.4072265625 0.03515625 0.046875
1 0.2529296875 0.548828125 0.1328125 0.150390625
2 0.3642578125 0.36328125 0.025390625 0.037109375
1 0.185546875 0.3662109375 0.056640625 0.064453125
1 0.64453125 0.349609375 0.09765625 0.06640625
1 0.2490234375 0.3193359375 0.056640625 0.0625
3 0.8046875 0.365234375 0.271484375 0.24609375