1 0.9375 0.658203125 0.109375 0.1875
1 0.7255859375 0.9833984375 0.150390625 0.033203125
0 0.6708984375 0.568359375 0.23828125 0.134765625
1 0.59375 0.7041015625 0.095703125 0.09375
1 0.6123046875 0.9033203125 0.12109375 0.125
3 0.5634765625 0.98046875 0.111328125 0.0390625
2 0.765625 0.8125 0.091796875 0.064453125
2 0.609375 0.794921875 0.0703125 0.046875
3 0.5625 0.4892578125 0.09765625 0.072265625
1 0.560546875 0.623046875 0.072265625 0.05859375
1 0.5234375 0.5556640625 0.0703125 0.0625
1 0.517578125 0.65234375 0.064453125 0.05859375
3 0.482421875 0.724609375 0.07421875 0.0625
0 0.4296875 0.646484375 0.1015625 0.080078125