0 0.20703125 0.544921875 0.3447265625 0.2158203125
2 0.6005859375 0.708984375 0.1357421875 0.0888671875
2 0.7109375 0.5322265625 0.1103515625 0.078125
2 0.1220703125 0.3779296875 0.0595703125 0.0361328125
2 0.4375 0.3642578125 0.06640625 0.044921875
2 0.6318359375 0.4921875 0.087890625 0.060546875
2 0.947265625 0.662109375 0.1044921875 0.0859375
0 0.9453125 0.541015625 0.109375 0.1611328125
1 0.98046875 0.736328125 0.0380859375 0.1376953125
1 0.2392578125 0.3798828125 0.169921875 0.087890625
1 0.376953125 0.4189453125 0.1796875 0.0966796875
1 0.650390625 0.3818359375 0.158203125 0.083984375
1 0.8720703125 0.416015625 0.185546875 0.095703125
2 0.5576171875 0.3828125 0.025390625 0.04296875
1 0.3134765625 0.259765625 0.056640625 0.0478515625