3 0.40625 0.822265625 0.1904296875 0.33203125
3 0.376953125 0.390625 0.0458984375 0.0908203125
1 0.205078125 0.62890625 0.1015625 0.1005859375
1 0.521484375 0.541015625 0.046875 0.08203125
0 0.248046875 0.5146484375 0.1171875 0.1328125
1 0.466796875 0.484375 0.044921875 0.0517578125
1 0.0380859375 0.5888671875 0.0751953125 0.0830078125
3 0.328125 0.4853515625 0.044921875 0.0771484375
3 0.4208984375 0.4560546875 0.033203125 0.05078125
2 0.1220703125 0.5869140625 0.025390625 0.0478515625
2 0.384765625 0.5830078125 0.0185546875 0.048828125
2 0.3349609375 0.642578125 0.03515625 0.0283203125
2 0.02734375 0.521484375 0.0263671875 0.0263671875
2 0.1435546875 0.548828125 0.0244140625 0.02734375
2 0.431640625 0.5185546875 0.025390625 0.0390625