2 0.171875 0.2490234375 0.146484375 0.0859375
2 0.1494140625 0.7919921875 0.125 0.078125
2 0.287109375 0.6708984375 0.1171875 0.072265625
2 0.3447265625 0.6513671875 0.087890625 0.05078125
2 0.3828125 0.615234375 0.083984375 0.05859375
2 0.4140625 0.6767578125 0.068359375 0.04296875
2 0.41015625 0.8935546875 0.078125 0.048828125
2 0.4228515625 0.84375 0.095703125 0.052734375
2 0.4833984375 0.7841796875 0.064453125 0.04296875
2 0.509765625 0.447265625 0.083984375 0.05078125
2 0.4873046875 0.5146484375 0.080078125 0.048828125
2 0.501953125 0.541015625 0.076171875 0.048828125
2 0.5595703125 0.568359375 0.05078125 0.037109375
2 0.46875 0.712890625 0.0703125 0.037109375
2 0.513671875 0.7255859375 0.05078125 0.037109375
2 0.4951171875 0.7373046875 0.072265625 0.046875
2 0.5546875 0.7490234375 0.07421875 0.037109375
3 0.5205078125 0.6181640625 0.13671875 0.095703125
3 0.5546875 0.681640625 0.123046875 0.076171875
1 0.3291015625 0.8759765625 0.11328125 0.107421875
1 0.373046875 0.7490234375 0.11328125 0.083984375
1 0.4287109375 0.7490234375 0.087890625 0.08984375
1 0.3623046875 0.529296875 0.10546875 0.10546875
1 0.451171875 0.625 0.087890625 0.091796875
1 0.4296875 0.560546875 0.07421875 0.0703125
1 0.21484375 0.45703125 0.14453125 0.134765625
1 0.0712890625 0.5009765625 0.142578125 0.158203125
0 0.623046875 0.533203125 0.0625 0.046875