3 0.396484375 0.4931640625 0.10546875 0.18359375
3 0.353515625 0.3466796875 0.052734375 0.08203125
3 0.3310546875 0.4462890625 0.041015625 0.080078125
0 0.47265625 0.3896484375 0.06640625 0.08984375
1 0.2470703125 0.6259765625 0.09375 0.125
1 0.109375 0.6279296875 0.091796875 0.068359375
1 0.115234375 0.7109375 0.126953125 0.115234375
2 0.11328125 0.7998046875 0.060546875 0.125
2 0.0537109375 0.90625 0.048828125 0.115234375
2 0.3427734375 0.6279296875 0.056640625 0.09375
2 0.4150390625 0.7626953125 0.048828125 0.103515625
1 0.5546875 0.8056640625 0.150390625 0.16015625
1 0.62890625 0.962890625 0.17578125 0.0703125
2 0.1826171875 0.5576171875 0.041015625 0.064453125
2 0.25390625 0.556640625 0.0390625 0.052734375
2 0.2392578125 0.5224609375 0.044921875 0.07421875
2 0.2978515625 0.517578125 0.03125 0.056640625
2 0.2998046875 0.5859375 0.0390625 0.087890625
2 0.0751953125 0.55078125 0.044921875 0.08203125
2 0.12890625 0.513671875 0.046875 0.1015625
2 0.16015625 0.4951171875 0.03125 0.056640625
2 0.0205078125 0.5810546875 0.0390625 0.095703125
2 0.5048828125 0.560546875 0.0234375 0.05859375
2 0.5244140625 0.5751953125 0.029296875 0.076171875
2 0.5673828125 0.5986328125 0.04296875 0.109375
2 0.4990234375 0.505859375 0.044921875 0.06640625
1 0.4267578125 0.3984375 0.04296875 0.05859375
2 0.240234375 0.4443359375 0.02734375 0.052734375
1 0.2919921875 0.447265625 0.0390625 0.056640625
1 0.4697265625 0.6396484375 0.103515625 0.125