2 0.1064453125 0.80859375 0.181640625 0.12890625
2 0.400390625 0.1484375 0.08203125 0.08984375
2 0.4765625 0.255859375 0.0625 0.060546875
2 0.537109375 0.3271484375 0.05859375 0.046875
2 0.541015625 0.5146484375 0.05078125 0.04296875
2 0.595703125 0.43359375 0.0390625 0.0390625
2 0.6025390625 0.548828125 0.04296875 0.02734375
1 0.4951171875 0.751953125 0.1328125 0.111328125
2 0.658203125 0.6103515625 0.03515625 0.01953125
1 0.6865234375 0.7861328125 0.056640625 0.046875
1 0.623046875 0.3310546875 0.05078125 0.08984375
1 0.7216796875 0.7158203125 0.0546875 0.048828125
3 0.580078125 0.1767578125 0.20703125 0.23828125