1 0.1162109375 0.646484375 0.2216796875 0.203125
1 0.291015625 0.4453125 0.10546875 0.109375
1 0.1298828125 0.494140625 0.134765625 0.099609375
0 0.79296875 0.3193359375 0.0546875 0.091796875
1 0.68359375 0.3896484375 0.0654296875 0.1083984375
1 0.0380859375 0.46875 0.0693359375 0.0859375
2 0.56640625 0.505859375 0.064453125 0.0576171875
2 0.6328125 0.5234375 0.052734375 0.0751953125
2 0.671875 0.55078125 0.0703125 0.08203125
1 0.275390625 0.373046875 0.0849609375 0.0625
2 0.9072265625 0.4384765625 0.0263671875 0.056640625