3 0.5771484375 0.5009765625 0.099609375 0.154296875
3 0.4326171875 0.4970703125 0.109375 0.169921875
3 0.3681640625 0.404296875 0.083984375 0.125
1 0.1826171875 0.6728515625 0.146484375 0.125
1 0.2529296875 0.60546875 0.126953125 0.0859375
1 0.2724609375 0.51953125 0.083984375 0.0859375
2 0.123046875 0.791015625 0.06640625 0.1015625
2 0.421875 0.7265625 0.056640625 0.083984375
2 0.3291015625 0.5810546875 0.04296875 0.0703125
2 0.4580078125 0.63671875 0.044921875 0.056640625
2 0.3984375 0.580078125 0.0390625 0.044921875
2 0.3525390625 0.525390625 0.02734375 0.04296875