1 0.51171875 0.2041015625 0.19140625 0.16796875
1 0.455078125 0.072265625 0.19921875 0.14453125
1 0.458984375 0.8642578125 0.142578125 0.140625
1 0.287109375 0.3447265625 0.099609375 0.068359375
1 0.2900390625 0.8681640625 0.07421875 0.078125
2 0.630859375 0.9306640625 0.083984375 0.052734375
2 0.56640625 0.57421875 0.08203125 0.07421875
2 0.484375 0.388671875 0.0625 0.048828125
2 0.36328125 0.05859375 0.044921875 0.04296875
3 0.2763671875 0.2255859375 0.193359375 0.134765625
1 0.205078125 0.345703125 0.0546875 0.052734375
3 0.2861328125 0.150390625 0.0390625 0.03515625