0 0.6474609375 0.6337890625 0.240234375 0.390625
3 0.615234375 0.9296875 0.20703125 0.115234375
1 0.3662109375 0.21484375 0.341796875 0.19140625
2 0.3837890625 0.8193359375 0.111328125 0.173828125
2 0.41015625 0.962890625 0.111328125 0.072265625
2 0.623046875 0.33984375 0.08984375 0.025390625
2 0.58203125 0.298828125 0.083984375 0.033203125
2 0.671875 0.2734375 0.0625 0.029296875
2 0.6181640625 0.2734375 0.080078125 0.029296875
2 0.6845703125 0.3896484375 0.07421875 0.02734375
1 0.6181640625 0.1064453125 0.142578125 0.1328125
3 0.6962890625 0.240234375 0.09375 0.07421875