0 0.2158203125 0.5849609375 0.37109375 0.259765625
2 0.62890625 0.693359375 0.1484375 0.107421875
2 0.712890625 0.5029296875 0.119140625 0.091796875
2 0.1083984375 0.431640625 0.0625 0.04296875
2 0.4189453125 0.3740234375 0.072265625 0.0546875
2 0.6298828125 0.4736328125 0.095703125 0.072265625
2 0.953125 0.5986328125 0.09375 0.099609375
0 0.9404296875 0.4775390625 0.119140625 0.173828125
1 0.9892578125 0.666015625 0.021484375 0.140625
1 0.224609375 0.4169921875 0.1796875 0.111328125
1 0.3671875 0.4365234375 0.19140625 0.12109375
1 0.6328125 0.3623046875 0.16796875 0.10546875
1 0.8564453125 0.365234375 0.197265625 0.12109375
2 0.541015625 0.3759765625 0.03125 0.046875
1 0.2822265625 0.2880859375 0.0625 0.0546875