3 0.5166015625 0.6748046875 0.228515625 0.31640625
2 0.931640625 0.9482421875 0.0625 0.072265625
2 0.81640625 0.916015625 0.052734375 0.080078125
1 0.740234375 0.939453125 0.2109375 0.11328125
2 0.470703125 0.9658203125 0.048828125 0.064453125
2 0.4541015625 0.8857421875 0.044921875 0.056640625
2 0.2548828125 0.9091796875 0.0390625 0.091796875
2 0.2275390625 0.8115234375 0.037109375 0.080078125
1 0.27734375 0.62109375 0.087890625 0.0859375
1 0.046875 0.638671875 0.0859375 0.087890625
1 0.1484375 0.55859375 0.068359375 0.068359375
1 0.2802734375 0.5126953125 0.044921875 0.0546875
2 0.2216796875 0.6953125 0.029296875 0.04296875
2 0.1845703125 0.638671875 0.0390625 0.052734375
3 0.3310546875 0.52734375 0.060546875 0.16015625
1 0.38671875 0.482421875 0.048828125 0.05859375
0 0.423828125 0.4375 0.048828125 0.09375
1 0.154296875 0.5068359375 0.064453125 0.05078125
1 0.2021484375 0.482421875 0.048828125 0.041015625
2 0.2109375 0.5234375 0.01953125 0.03515625