3 0.7265625 0.91015625 0.19921875 0.1787109375
3 0.388671875 0.421875 0.0439453125 0.1142578125
1 0.4072265625 0.91015625 0.134765625 0.1591796875
1 0.3564453125 0.767578125 0.099609375 0.125
1 0.462890625 0.6962890625 0.0771484375 0.1064453125
1 0.4189453125 0.5673828125 0.0546875 0.0625
1 0.1904296875 0.5341796875 0.0654296875 0.0634765625
1 0.28515625 0.5302734375 0.048828125 0.0615234375
1 0.3154296875 0.4833984375 0.048828125 0.046875
1 0.4384765625 0.4853515625 0.0576171875 0.056640625
0 0.0771484375 0.6318359375 0.154296875 0.236328125
2 0.568359375 0.677734375 0.0400390625 0.0478515625
2 0.0546875 0.814453125 0.0498046875 0.0791015625
2 0.3056640625 0.6630859375 0.0419921875 0.0595703125
2 0.4150390625 0.6123046875 0.0244140625 0.04296875
2 0.2978515625 0.5712890625 0.029296875 0.03515625
2 0.5 0.5390625 0.021484375 0.04296875