3 0.46484375 0.287109375 0.15625 0.17578125
1 0.85546875 0.2275390625 0.2890625 0.361328125
2 0.759765625 0.44140625 0.140625 0.10546875
2 0.71484375 0.77734375 0.119140625 0.076171875
2 0.6279296875 0.8564453125 0.1015625 0.048828125
2 0.5546875 0.8955078125 0.10546875 0.052734375
3 0.6943359375 0.630859375 0.32421875 0.2578125
3 0.4140625 0.7861328125 0.203125 0.1484375
1 0.5126953125 0.671875 0.166015625 0.130859375
1 0.419921875 0.5244140625 0.14453125 0.091796875
2 0.4091796875 0.6767578125 0.046875 0.03515625
1 0.33203125 0.6064453125 0.091796875 0.076171875
1 0.32421875 0.5087890625 0.087890625 0.0703125