1 0.79296875 0.54296875 0.150390625 0.1748046875
1 0.9326171875 0.5009765625 0.130859375 0.1865234375
1 0.1416015625 0.4208984375 0.126953125 0.130859375
1 0.6767578125 0.3046875 0.05859375 0.0947265625
1 0.15625 0.2529296875 0.072265625 0.0673828125
2 0.0576171875 0.5849609375 0.044921875 0.0791015625
2 0.4189453125 0.55859375 0.0673828125 0.076171875
2 0.6123046875 0.49609375 0.04296875 0.0595703125
2 0.953125 0.41015625 0.0380859375 0.041015625
3 0.7958984375 0.306640625 0.1171875 0.181640625
1 0.6845703125 0.22265625 0.0478515625 0.0517578125
3 0.8701171875 0.32421875 0.03125 0.0361328125