3 0.6748046875 0.5107421875 0.30859375 0.21875
2 0.962890625 0.916015625 0.0703125 0.060546875
2 0.9267578125 0.8017578125 0.078125 0.05078125
1 0.947265625 0.724609375 0.10546875 0.20703125
2 0.96484375 0.4541015625 0.0625 0.046875
2 0.8837890625 0.4404296875 0.0546875 0.04296875
2 0.900390625 0.2412109375 0.08984375 0.03515625
2 0.8017578125 0.216796875 0.078125 0.03515625
1 0.61328125 0.2734375 0.08203125 0.0859375
1 0.623046875 0.0419921875 0.0859375 0.08203125
1 0.5458984375 0.146484375 0.06640625 0.06640625
1 0.5048828125 0.2802734375 0.052734375 0.04296875
2 0.685546875 0.21484375 0.04296875 0.02734375
2 0.6279296875 0.1796875 0.05078125 0.037109375
3 0.521484375 0.330078125 0.158203125 0.0546875
1 0.478515625 0.3876953125 0.056640625 0.046875
0 0.4345703125 0.42578125 0.091796875 0.044921875
1 0.4951171875 0.154296875 0.048828125 0.0625
1 0.4716796875 0.203125 0.0390625 0.046875
2 0.513671875 0.2099609375 0.03515625 0.017578125