1 0.404296875 0.955078125 0.1767578125 0.0859375
1 0.029296875 0.794921875 0.05859375 0.14453125
0 0.4560546875 0.6787109375 0.103515625 0.2265625
1 0.310546875 0.62109375 0.08203125 0.0869140625
1 0.1162109375 0.6669921875 0.111328125 0.107421875
3 0.0224609375 0.630859375 0.044921875 0.10546875
2 0.2275390625 0.806640625 0.052734375 0.0849609375
2 0.2236328125 0.6494140625 0.037109375 0.06640625
3 0.51953125 0.560546875 0.060546875 0.08984375
1 0.38671875 0.5771484375 0.05078125 0.0673828125
1 0.4482421875 0.53125 0.0556640625 0.0625
1 0.3515625 0.5390625 0.05078125 0.05859375
3 0.275390625 0.513671875 0.0546875 0.06640625
0 0.345703125 0.451171875 0.068359375 0.09375