3 0.91015625 0.2734375 0.1796875 0.19921875
3 0.421875 0.611328125 0.11328125 0.04296875
1 0.91015625 0.5927734375 0.16015625 0.134765625
1 0.767578125 0.6435546875 0.125 0.099609375
1 0.6962890625 0.537109375 0.10546875 0.078125
1 0.5673828125 0.5810546875 0.0625 0.0546875
1 0.5341796875 0.8095703125 0.0625 0.06640625
1 0.5302734375 0.71484375 0.0625 0.048828125
1 0.4833984375 0.6845703125 0.046875 0.048828125
1 0.4853515625 0.5615234375 0.056640625 0.05859375
0 0.6318359375 0.9228515625 0.236328125 0.154296875
2 0.677734375 0.431640625 0.046875 0.0390625
2 0.814453125 0.9453125 0.080078125 0.05078125
2 0.6630859375 0.6943359375 0.05859375 0.04296875
2 0.6123046875 0.5849609375 0.04296875 0.0234375
2 0.5712890625 0.7021484375 0.03515625 0.029296875
2 0.5390625 0.5 0.04296875 0.021484375