3 0.576171875 0.486328125 0.0732421875 0.142578125
3 0.43359375 0.509765625 0.080078125 0.158203125
3 0.3525390625 0.431640625 0.0615234375 0.115234375
1 0.2216796875 0.73046875 0.1279296875 0.1015625
1 0.27734375 0.650390625 0.1162109375 0.064453125
1 0.2802734375 0.5625 0.0712890625 0.0732421875
1 0.017578125 0.85546875 0.03515625 0.0986328125
2 0.185546875 0.857421875 0.048828125 0.0947265625
2 0.466796875 0.7373046875 0.0419921875 0.078125
2 0.34765625 0.6123046875 0.0302734375 0.0673828125
2 0.4853515625 0.642578125 0.0341796875 0.05078125
2 0.416015625 0.59765625 0.03125 0.0380859375
2 0.3603515625 0.552734375 0.0185546875 0.0390625