1 0.3974609375 0.77734375 0.203125 0.18359375
1 0.408203125 0.919921875 0.2109375 0.16015625
1 0.65234375 0.166015625 0.154296875 0.15234375
1 0.654296875 0.7138671875 0.103515625 0.076171875
1 0.8134765625 0.21484375 0.080078125 0.083984375
2 0.5087890625 0.0498046875 0.0859375 0.060546875
2 0.4599609375 0.408203125 0.087890625 0.080078125
2 0.48046875 0.6103515625 0.06640625 0.0546875
2 0.494140625 0.9619140625 0.048828125 0.046875
3 0.6279296875 0.830078125 0.201171875 0.15234375
1 0.732421875 0.73828125 0.05859375 0.056640625
3 0.5947265625 0.8984375 0.041015625 0.037109375