3 0.3408203125 0.681640625 0.3076171875 0.5185546875
3 0.609375 0.5029296875 0.224609375 0.2236328125
3 0.771484375 0.349609375 0.189453125 0.166015625
3 0.3828125 0.265625 0.0673828125 0.060546875
1 0.3994140625 0.3232421875 0.0751953125 0.072265625
1 0.2421875 0.33984375 0.072265625 0.07421875
2 0.193359375 0.373046875 0.033203125 0.0673828125
2 0.12890625 0.349609375 0.02734375 0.072265625
2 0.0810546875 0.3359375 0.0322265625 0.0556640625
2 0.06640625 0.361328125 0.0380859375 0.0703125
2 0.052734375 0.322265625 0.033203125 0.0791015625
2 0.8505859375 0.7197265625 0.16015625 0.10546875
2 0.650390625 0.31640625 0.029296875 0.05859375
2 0.4755859375 0.3076171875 0.044921875 0.041015625