2 0.6240234375 0.89453125 0.076171875 0.142578125
2 0.10546875 0.7294921875 0.0703125 0.12109375
2 0.265625 0.6416015625 0.06640625 0.115234375
2 0.3046875 0.59375 0.046875 0.0859375
2 0.3515625 0.5712890625 0.052734375 0.08203125
2 0.3046875 0.5205078125 0.0390625 0.06640625
2 0.099609375 0.44921875 0.044921875 0.076171875
2 0.150390625 0.455078125 0.046875 0.09375
2 0.2275390625 0.41796875 0.0390625 0.0625
2 0.552734375 0.5087890625 0.044921875 0.08203125
2 0.482421875 0.5078125 0.04296875 0.078125
2 0.4619140625 0.4833984375 0.044921875 0.07421875
2 0.4560546875 0.4208984375 0.033203125 0.05078125
2 0.2890625 0.45703125 0.033203125 0.068359375
2 0.29296875 0.41015625 0.03515625 0.048828125
2 0.275390625 0.4228515625 0.04296875 0.0703125
2 0.2841796875 0.36328125 0.033203125 0.072265625
3 0.396484375 0.4404296875 0.087890625 0.1328125
3 0.3486328125 0.38671875 0.0703125 0.119140625
1 0.087890625 0.5322265625 0.103515625 0.109375
1 0.22265625 0.5341796875 0.078125 0.109375
1 0.2412109375 0.4814453125 0.0859375 0.083984375
1 0.4248046875 0.6201171875 0.099609375 0.1015625
1 0.365234375 0.5029296875 0.087890625 0.08203125
1 0.4189453125 0.544921875 0.06640625 0.0703125
1 0.4423828125 0.783203125 0.126953125 0.138671875
1 0.3486328125 0.912109375 0.150390625 0.158203125
0 0.5107421875 0.373046875 0.04296875 0.060546875