3 0.1748046875 0.4931640625 0.349609375 0.271484375
3 0.57421875 0.3525390625 0.099609375 0.068359375
1 0.298828125 0.248046875 0.125 0.125
1 0.4658203125 0.53125 0.091796875 0.06640625
0 0.4208984375 0.2607421875 0.158203125 0.1484375
1 0.5068359375 0.4638671875 0.060546875 0.056640625
1 0.294921875 0.0771484375 0.09765625 0.09375
3 0.4697265625 0.330078125 0.087890625 0.064453125
3 0.5224609375 0.412109375 0.05859375 0.044921875
2 0.318359375 0.1572265625 0.052734375 0.037109375
2 0.3896484375 0.41015625 0.052734375 0.03125
2 0.3193359375 0.3779296875 0.03515625 0.041015625
2 0.3564453125 0.048828125 0.033203125 0.033203125
2 0.3603515625 0.16796875 0.033203125 0.029296875
2 0.46484375 0.4384765625 0.044921875 0.03515625