3 0.3486328125 0.6884765625 0.564453125 0.39453125
3 0.478515625 0.392578125 0.2578125 0.259765625
3 0.6005859375 0.2060546875 0.197265625 0.21484375
3 0.7509765625 0.5751953125 0.0703125 0.076171875
1 0.69140625 0.568359375 0.083984375 0.0859375
1 0.7021484375 0.7265625 0.0859375 0.083984375
2 0.6787109375 0.7802734375 0.0703125 0.044921875
2 0.712890625 0.8388671875 0.076171875 0.0390625
2 0.734375 0.8837890625 0.05859375 0.041015625
2 0.7119140625 0.9033203125 0.076171875 0.05078125
2 0.7529296875 0.9091796875 0.08203125 0.046875
2 0.22265625 0.193359375 0.130859375 0.17578125
2 0.654296875 0.3203125 0.0625 0.0390625
2 0.693359375 0.490234375 0.048828125 0.05078125