2 0.80859375 0.8935546875 0.12890625 0.181640625
2 0.1484375 0.599609375 0.0888671875 0.08203125
2 0.255859375 0.5234375 0.060546875 0.0615234375
2 0.3271484375 0.462890625 0.0458984375 0.0576171875
2 0.5146484375 0.458984375 0.0419921875 0.0498046875
2 0.43359375 0.404296875 0.0400390625 0.0390625
2 0.548828125 0.3974609375 0.0283203125 0.0419921875
1 0.751953125 0.5048828125 0.111328125 0.1337890625
2 0.6103515625 0.341796875 0.01953125 0.0341796875
1 0.7861328125 0.3134765625 0.0478515625 0.056640625
1 0.3310546875 0.376953125 0.0888671875 0.0517578125
1 0.7158203125 0.2783203125 0.048828125 0.0556640625
3 0.1767578125 0.419921875 0.2392578125 0.2060546875