3 0.3974609375 0.484375 0.0908203125 0.1748046875
3 0.3671875 0.333984375 0.0458984375 0.0771484375
3 0.3359375 0.431640625 0.0361328125 0.0791015625
0 0.482421875 0.3876953125 0.05859375 0.0859375
1 0.2373046875 0.603515625 0.083984375 0.1162109375
1 0.099609375 0.59375 0.0849609375 0.060546875
1 0.0986328125 0.6767578125 0.119140625 0.1064453125
2 0.0888671875 0.7646484375 0.0517578125 0.12109375
2 0.01953125 0.8662109375 0.0380859375 0.111328125
2 0.33203125 0.61328125 0.048828125 0.08984375
2 0.392578125 0.75390625 0.041015625 0.099609375
1 0.52734375 0.8095703125 0.138671875 0.1484375
1 0.587890625 0.97265625 0.171875 0.0537109375
2 0.1787109375 0.529296875 0.03515625 0.0615234375
2 0.25 0.53515625 0.03515625 0.0517578125
2 0.23828125 0.5 0.0380859375 0.0703125
2 0.296875 0.5 0.02734375 0.0556640625
2 0.29296875 0.568359375 0.0322265625 0.0869140625
2 0.072265625 0.513671875 0.0400390625 0.078125
2 0.12890625 0.4814453125 0.0400390625 0.0966796875
2 0.162109375 0.4658203125 0.02734375 0.0546875
2 0.015625 0.5390625 0.03125 0.0927734375
2 0.5 0.560546875 0.0205078125 0.056640625
2 0.517578125 0.5771484375 0.0244140625 0.0751953125
2 0.55859375 0.6044921875 0.033203125 0.107421875
2 0.498046875 0.505859375 0.0380859375 0.0625
1 0.435546875 0.392578125 0.0380859375 0.0546875
2 0.24609375 0.421875 0.0244140625 0.0498046875
1 0.296875 0.4296875 0.03515625 0.0546875
1 0.4580078125 0.63671875 0.09375 0.1162109375