3 0.37109375 0.326171875 0.162109375 0.1796875
1 0.7353515625 0.130859375 0.392578125 0.26171875
2 0.705078125 0.330078125 0.142578125 0.109375
2 0.8173828125 0.6494140625 0.119140625 0.08203125
2 0.775390625 0.759765625 0.1015625 0.052734375
2 0.728515625 0.828125 0.107421875 0.05859375
3 0.7333984375 0.5283203125 0.33203125 0.271484375
3 0.5537109375 0.7939453125 0.20703125 0.15625
1 0.5888671875 0.6484375 0.169921875 0.13671875
1 0.439453125 0.5576171875 0.14453125 0.09765625
2 0.5 0.6982421875 0.048828125 0.037109375
1 0.3984375 0.6708984375 0.09375 0.080078125
1 0.34765625 0.5869140625 0.08984375 0.072265625