1 0.7109375 0.1474609375 0.23828125 0.25390625
1 0.482421875 0.28515625 0.126953125 0.123046875
1 0.55859375 0.134765625 0.12109375 0.150390625
0 0.271484375 0.7568359375 0.099609375 0.0703125
1 0.359375 0.662109375 0.119140625 0.083984375
1 0.548828125 0.041015625 0.09765625 0.08203125
2 0.494140625 0.56640625 0.068359375 0.07421875
2 0.5 0.634765625 0.08203125 0.064453125
2 0.5205078125 0.677734375 0.09375 0.083984375
1 0.4140625 0.2568359375 0.076171875 0.095703125
2 0.369140625 0.890625 0.060546875 0.037109375