3 0.5380859375 0.4033203125 0.19140625 0.126953125
3 0.69140625 0.408203125 0.0859375 0.0625
3 0.603515625 0.35546875 0.083984375 0.052734375
0 0.61328125 0.5078125 0.09765625 0.076171875
1 0.4580078125 0.220703125 0.1328125 0.107421875
1 0.4990234375 0.0888671875 0.078125 0.09765625
1 0.41796875 0.0693359375 0.12890625 0.138671875
2 0.3349609375 0.0400390625 0.12890625 0.076171875
2 0.427734375 0.310546875 0.09765625 0.068359375
2 0.2763671875 0.337890625 0.10546875 0.0625
1 0.1923828125 0.45703125 0.17578125 0.16796875
1 0.0322265625 0.478515625 0.064453125 0.1796875
2 0.5439453125 0.1806640625 0.068359375 0.048828125
2 0.5224609375 0.248046875 0.056640625 0.044921875
2 0.55859375 0.2451171875 0.078125 0.0546875
2 0.5458984375 0.3017578125 0.05859375 0.0390625
2 0.4794921875 0.283203125 0.08984375 0.048828125
2 0.5830078125 0.080078125 0.083984375 0.0546875
2 0.6015625 0.142578125 0.103515625 0.060546875
2 0.609375 0.1787109375 0.05859375 0.0390625
2 0.5703125 0.0224609375 0.09765625 0.044921875
2 0.44140625 0.486328125 0.060546875 0.03125
2 0.4208984375 0.5 0.078125 0.0390625
2 0.384765625 0.533203125 0.111328125 0.056640625
2 0.4951171875 0.4970703125 0.0703125 0.052734375
1 0.619140625 0.4609375 0.0625 0.05078125
2 0.6328125 0.2705078125 0.0546875 0.03515625
1 0.6142578125 0.318359375 0.060546875 0.046875
1 0.3759765625 0.4287109375 0.134765625 0.1171875