3 0.314453125 0.654296875 0.38671875 0.560546875
3 0.607421875 0.51953125 0.255859375 0.255859375
3 0.7919921875 0.3935546875 0.212890625 0.193359375
3 0.4208984375 0.25 0.07421875 0.0703125
1 0.4287109375 0.3095703125 0.083984375 0.08203125
1 0.2705078125 0.3017578125 0.08203125 0.083984375
2 0.216796875 0.326171875 0.04296875 0.0703125
2 0.1572265625 0.29296875 0.0390625 0.076171875
2 0.1123046875 0.2724609375 0.0390625 0.05859375
2 0.09375 0.294921875 0.048828125 0.076171875
2 0.0859375 0.2548828125 0.044921875 0.08203125
2 0.8115234375 0.771484375 0.173828125 0.12890625
2 0.677734375 0.341796875 0.0390625 0.0625
2 0.505859375 0.306640625 0.05078125 0.046875