2 0.677734375 0.873046875 0.05859375 0.1357421875
2 0.1416015625 0.7822265625 0.0537109375 0.115234375
2 0.2880859375 0.6728515625 0.0498046875 0.109375
2 0.3193359375 0.6201171875 0.03515625 0.0830078125
2 0.36328125 0.5908203125 0.0439453125 0.076171875
2 0.3095703125 0.5478515625 0.0302734375 0.0625
2 0.0966796875 0.505859375 0.0361328125 0.072265625
2 0.1474609375 0.50390625 0.03515625 0.08984375
2 0.21875 0.45703125 0.03125 0.05859375
2 0.5537109375 0.5009765625 0.03515625 0.078125
2 0.4833984375 0.509765625 0.033203125 0.0751953125
2 0.4599609375 0.4892578125 0.03515625 0.0703125
2 0.4453125 0.427734375 0.0263671875 0.046875
2 0.28515625 0.486328125 0.0234375 0.0654296875
2 0.2822265625 0.439453125 0.029296875 0.044921875
2 0.2666015625 0.455078125 0.033203125 0.0654296875
2 0.267578125 0.39453125 0.0244140625 0.0693359375
3 0.388671875 0.455078125 0.0693359375 0.1259765625
3 0.333984375 0.4091796875 0.0537109375 0.11328125
1 0.0966796875 0.5888671875 0.0888671875 0.09765625
1 0.23046875 0.572265625 0.064453125 0.1005859375
1 0.2412109375 0.517578125 0.076171875 0.07421875
1 0.4423828125 0.62890625 0.087890625 0.08984375
1 0.3671875 0.521484375 0.078125 0.072265625
1 0.42578125 0.5556640625 0.0595703125 0.0625
1 0.482421875 0.7880859375 0.111328125 0.1259765625
1 0.4072265625 0.9296875 0.1328125 0.1396484375
0 0.4931640625 0.373046875 0.0341796875 0.056640625