3 0.357421875 0.8037109375 0.240234375 0.357421875
3 0.3955078125 0.373046875 0.060546875 0.095703125
1 0.1884765625 0.5810546875 0.115234375 0.115234375
1 0.5146484375 0.5439453125 0.05859375 0.087890625
0 0.2490234375 0.474609375 0.13671875 0.150390625
1 0.4697265625 0.4794921875 0.052734375 0.056640625
1 0.0361328125 0.5146484375 0.072265625 0.091796875
3 0.3330078125 0.458984375 0.056640625 0.083984375
3 0.4287109375 0.4443359375 0.041015625 0.0546875
2 0.11328125 0.5263671875 0.033203125 0.05078125
2 0.373046875 0.5634765625 0.02734375 0.05078125
2 0.314453125 0.615234375 0.0390625 0.033203125
2 0.0302734375 0.447265625 0.03125 0.03125
2 0.140625 0.4921875 0.02734375 0.03125
2 0.4296875 0.5078125 0.03125 0.04296875