0 0.7900390625 0.560546875 0.35546875 0.232421875
2 0.388671875 0.703125 0.140625 0.09765625
2 0.2880859375 0.521484375 0.11328125 0.083984375
2 0.8837890625 0.3974609375 0.060546875 0.0390625
2 0.5693359375 0.3681640625 0.068359375 0.048828125
2 0.369140625 0.4853515625 0.091796875 0.064453125
2 0.0498046875 0.6376953125 0.099609375 0.091796875
0 0.0556640625 0.5166015625 0.111328125 0.166015625
1 0.015625 0.7099609375 0.03125 0.138671875
1 0.7666015625 0.3935546875 0.173828125 0.095703125
1 0.626953125 0.42578125 0.18359375 0.107421875
1 0.3564453125 0.3740234375 0.162109375 0.091796875
1 0.1328125 0.396484375 0.189453125 0.10546875
2 0.4482421875 0.3798828125 0.02734375 0.044921875
1 0.69921875 0.26953125 0.05859375 0.048828125