0 0.37109375 0.34765625 0.3828125 0.2255859375
3 0.07421875 0.3701171875 0.107421875 0.2021484375
1 0.7802734375 0.6435546875 0.1796875 0.3369140625
2 0.1767578125 0.60546875 0.169921875 0.10546875
2 0.0341796875 0.5732421875 0.0673828125 0.1083984375
2 0.6640625 0.3828125 0.021484375 0.0908203125
2 0.7041015625 0.4248046875 0.0322265625 0.08203125
2 0.732421875 0.3359375 0.02734375 0.0615234375
2 0.73046875 0.3896484375 0.0283203125 0.080078125
2 0.6171875 0.3193359375 0.025390625 0.07421875
1 0.8974609375 0.3955078125 0.1279296875 0.1376953125
3 0.7666015625 0.3125 0.0703125 0.091796875