1 0.46875 0.8037109375 0.119140625 0.12890625
3 0.3759765625 0.79296875 0.103515625 0.134765625
1 0.328125 0.302734375 0.087890625 0.07421875
1 0.4619140625 0.1923828125 0.142578125 0.11328125
2 0.48046875 0.3505859375 0.06640625 0.044921875
2 0.4521484375 0.3134765625 0.072265625 0.048828125
2 0.6728515625 0.2685546875 0.111328125 0.06640625
2 0.6591796875 0.0625 0.119140625 0.068359375
2 0.5380859375 0.0810546875 0.056640625 0.046875
2 0.380859375 0.1103515625 0.04296875 0.029296875
2 0.4482421875 0.0126953125 0.03125 0.021484375