1 0.453125 0.43359375 0.091796875 0.087890625
1 0.505859375 0.658203125 0.099609375 0.08203125
1 0.5078125 0.904296875 0.072265625 0.08203125
1 0.5771484375 0.6123046875 0.078125 0.072265625
1 0.6513671875 0.6513671875 0.09765625 0.076171875
2 0.0478515625 0.2900390625 0.095703125 0.103515625
2 0.61328125 0.791015625 0.037109375 0.02734375
2 0.5595703125 0.6875 0.03515625 0.033203125
2 0.595703125 0.7041015625 0.041015625 0.029296875
0 0.66015625 0.5078125 0.12109375 0.11328125
3 0.7275390625 0.6025390625 0.10546875 0.060546875