0 0.4931640625 0.1845703125 0.560546875 0.369140625
1 0.716796875 0.4169921875 0.369140625 0.26171875
1 0.4189453125 0.6796875 0.263671875 0.12890625
1 0.84765625 0.7509765625 0.271484375 0.2109375
1 0.3115234375 0.4892578125 0.166015625 0.126953125
1 0.2470703125 0.65234375 0.09765625 0.091796875
1 0.1982421875 0.615234375 0.076171875 0.0703125
1 0.2080078125 0.5029296875 0.080078125 0.0859375
2 0.6708984375 0.6044921875 0.119140625 0.06640625
2 0.529296875 0.5244140625 0.083984375 0.0546875
2 0.447265625 0.37890625 0.078125 0.0546875
2 0.37109375 0.388671875 0.060546875 0.041015625
3 0.265625 0.357421875 0.171875 0.12890625
1 0.1611328125 0.52734375 0.068359375 0.056640625
0 0.125 0.3759765625 0.1484375 0.1328125
1 0.134765625 0.60546875 0.068359375 0.068359375