0 0.458984375 0.201171875 0.59375 0.40234375
1 0.2734375 0.447265625 0.392578125 0.3046875
1 0.60546875 0.6669921875 0.271484375 0.162109375
1 0.1904296875 0.796875 0.291015625 0.2421875
1 0.6845703125 0.462890625 0.17578125 0.14453125
1 0.771484375 0.615234375 0.107421875 0.1015625
1 0.8154296875 0.572265625 0.083984375 0.078125
1 0.7890625 0.4619140625 0.08984375 0.09375
2 0.345703125 0.626953125 0.123046875 0.080078125
2 0.474609375 0.5283203125 0.08984375 0.064453125
2 0.53515625 0.3720703125 0.083984375 0.0625
2 0.6123046875 0.37109375 0.0625 0.046875
3 0.7119140625 0.326171875 0.18359375 0.1484375
1 0.8388671875 0.4794921875 0.072265625 0.064453125
0 0.853515625 0.3251953125 0.162109375 0.1484375
1 0.876953125 0.5537109375 0.076171875 0.076171875