0 0.8251953125 0.4599609375 0.3388671875 0.5283203125
1 0.60546875 0.70703125 0.2265625 0.3466796875
1 0.3125 0.4384765625 0.103515625 0.2548828125
1 0.287109375 0.8720703125 0.1845703125 0.2548828125
1 0.4912109375 0.3115234375 0.111328125 0.154296875
1 0.322265625 0.2646484375 0.08203125 0.0888671875
1 0.353515625 0.2119140625 0.0634765625 0.0693359375
1 0.466796875 0.2099609375 0.0791015625 0.072265625
2 0.4140625 0.6806640625 0.0546875 0.1142578125
2 0.478515625 0.53125 0.046875 0.080078125
2 0.615234375 0.4345703125 0.0458984375 0.0751953125
2 0.59765625 0.3603515625 0.0361328125 0.056640625
3 0.6171875 0.251953125 0.11328125 0.16015625
1 0.4375 0.166015625 0.0517578125 0.0615234375
0 0.583984375 0.1142578125 0.119140625 0.1357421875
1 0.3564453125 0.1474609375 0.0615234375 0.0615234375