1 0.5693359375 0.5419921875 0.0830078125 0.0859375
1 0.341796875 0.5048828125 0.076171875 0.0947265625
1 0.095703125 0.5205078125 0.0791015625 0.06640625
1 0.3828125 0.4306640625 0.0673828125 0.0732421875
1 0.3388671875 0.359375 0.0693359375 0.09375
2 0.7412109375 0.9384765625 0.0966796875 0.095703125
2 0.2021484375 0.4072265625 0.025390625 0.0361328125
2 0.30859375 0.4541015625 0.0302734375 0.033203125
2 0.2900390625 0.4189453125 0.02734375 0.0400390625
0 0.4814453125 0.3408203125 0.1064453125 0.11328125
3 0.3818359375 0.2802734375 0.052734375 0.1025390625