1 0.427734375 0.537109375 0.087890625 0.091796875
1 0.6572265625 0.515625 0.08203125 0.099609375
1 0.90234375 0.548828125 0.08203125 0.072265625
1 0.6220703125 0.439453125 0.072265625 0.078125
1 0.6708984375 0.37109375 0.076171875 0.09765625
2 0.228515625 0.9208984375 0.103515625 0.1015625
2 0.8037109375 0.4287109375 0.02734375 0.037109375
2 0.6943359375 0.4677734375 0.033203125 0.03515625
2 0.71484375 0.43359375 0.029296875 0.041015625
0 0.529296875 0.3427734375 0.11328125 0.12109375
3 0.6328125 0.2890625 0.060546875 0.10546875